1 13 25
2 14 26
3 15 27
4 16 28
5 17 29
6 18 30
7 19 31
8 20 32
9 21 33
10 22 34
11 23 35
12 24 36
-1 -13
-2 -14
-3 -15
-4 -16
-5 -17
-6 -18
-7 -19
-8 -20
-9 -21
-10 -22
-11 -23
-12 -24
-1 -25
-2 -26
-3 -27
-4 -28
-5 -29
-6 -30
-7 -31
-8 -32
-9 -33
-10 -34
-11 -35
-12 -36
-13 -25
-14 -26
-15 -27
-16 -28
-17 -29
-18 -30
-19 -31
-20 -32
-21 -33
-22 -34
-23 -35
-24 -36
-1 -2
-1 -3
-1 -4
-1 -9
-1 -12
-2 -3
-2 -4
-2 -5
-2 -6
-3 -6
-3 -10
-3 -12
-4 -5
-4 -7
-4 -9
-5 -6
-5 -7
-5 -8
-6 -8
-6 -10
-7 -8
-7 -9
-7 -10
-8 -10
-8 -11
-9 -11
-9 -12
-10 -11
-10 -12
-11 -12
-13 -14
-13 -15
-13 -16
-13 -21
-13 -24
-14 -15
-14 -16
-14 -17
-14 -18
-15 -18
-15 -22
-15 -24
-16 -17
-16 -19
-16 -21
-17 -18
-17 -19
-17 -20
-18 -20
-18 -22
-19 -20
-19 -21
-19 -22
-20 -22
-20 -23
-21 -23
-21 -24
-22 -23
-22 -24
-23 -24
-25 -26
-25 -27
-25 -28
-25 -33
-25 -36
-26 -27
-26 -28
-26 -29
-26 -30
-27 -30
-27 -34
-27 -36
-28 -29
-28 -31
-28 -33
-29 -30
-29 -31
-29 -32
-30 -32
-30 -34
-31 -32
-31 -33
-31 -34
-32 -34
-32 -35
-33 -35
-33 -36
-34 -35
-34 -36
-35 -36