1 13
2 14
3 15
4 16
5 17
6 18
7 19
8 20
9 21
10 22
11 23
12 24
-1 -13
-2 -14
-3 -15
-4 -16
-5 -17
-6 -18
-7 -19
-8 -20
-9 -21
-10 -22
-11 -23
-12 -24
-1 -2
-1 -3
-1 -4
-1 -9
-1 -12
-2 -3
-2 -4
-2 -5
-2 -6
-3 -6
-3 -10
-3 -12
-4 -5
-4 -7
-4 -9
-5 -6
-5 -7
-5 -8
-6 -8
-6 -10
-7 -8
-7 -9
-7 -10
-8 -10
-8 -11
-9 -11
-9 -12
-10 -11
-10 -12
-11 -12
-13 -14
-13 -15
-13 -16
-13 -21
-13 -24
-14 -15
-14 -16
-14 -17
-14 -18
-15 -18
-15 -22
-15 -24
-16 -17
-16 -19
-16 -21
-17 -18
-17 -19
-17 -20
-18 -20
-18 -22
-19 -20
-19 -21
-19 -22
-20 -22
-20 -23
-21 -23
-21 -24
-22 -23
-22 -24
-23 -24