1 13 25 37 0
2 14 26 38 0
3 15 27 39 0
4 16 28 40 0
5 17 29 41 0
6 18 30 42 0
7 19 31 43 0
8 20 32 44 0
9 21 33 45 0
10 22 34 46 0
11 23 35 47 0
12 24 36 48 0
-1 -13 0
-1 -25 0
-1 -37 0
-13 -25 0
-13 -37 0
-25 -37 0
-2 -14 0
-2 -26 0
-2 -38 0
-14 -26 0
-14 -38 0
-26 -38 0
-3 -15 0
-3 -27 0
-3 -39 0
-15 -27 0
-15 -39 0
-27 -39 0
-4 -16 0
-4 -28 0
-4 -40 0
-16 -28 0
-16 -40 0
-28 -40 0
-5 -17 0
-5 -29 0
-5 -41 0
-17 -29 0
-17 -41 0
-29 -41 0
-6 -18 0
-6 -30 0
-6 -42 0
-18 -30 0
-18 -42 0
-30 -42 0
-7 -19 0
-7 -31 0
-7 -43 0
-19 -31 0
-19 -43 0
-31 -43 0
-8 -20 0
-8 -32 0
-8 -44 0
-20 -32 0
-20 -44 0
-32 -44 0
-9 -21 0
-9 -33 0
-9 -45 0
-21 -33 0
-21 -45 0
-33 -45 0
-10 -22 0
-10 -34 0
-10 -46 0
-22 -34 0
-22 -46 0
-34 -46 0
-11 -23 0
-11 -35 0
-11 -47 0
-23 -35 0
-23 -47 0
-35 -47 0
-12 -24 0
-12 -36 0
-12 -48 0
-24 -36 0
-24 -48 0
-36 -48 0
-1 -2 0
-13 -14 0
-25 -26 0
-37 -38 0
-1 -3 0
-13 -15 0
-25 -27 0
-37 -39 0
-1 -4 0
-13 -16 0
-25 -28 0
-37 -40 0
-1 -9 0
-13 -21 0
-25 -33 0
-37 -45 0
-1 -12 0
-13 -24 0
-25 -36 0
-37 -48 0
-2 -3 0
-14 -15 0
-26 -27 0
-38 -39 0
-2 -4 0
-14 -16 0
-26 -28 0
-38 -40 0
-2 -5 0
-14 -17 0
-26 -29 0
-38 -41 0
-2 -6 0
-14 -18 0
-26 -30 0
-38 -42 0
-3 -6 0
-15 -18 0
-27 -30 0
-39 -42 0
-3 -10 0
-15 -22 0
-27 -34 0
-39 -46 0
-3 -12 0
-15 -24 0
-27 -36 0
-39 -48 0
-4 -5 0
-16 -17 0
-28 -29 0
-40 -41 0
-4 -7 0
-16 -19 0
-28 -31 0
-40 -43 0
-4 -9 0
-16 -21 0
-28 -33 0
-40 -45 0
-5 -6 0
-17 -18 0
-29 -30 0
-41 -42 0
-5 -7 0
-17 -19 0
-29 -31 0
-41 -43 0
-5 -8 0
-17 -20 0
-29 -32 0
-41 -44 0
-6 -8 0
-18 -20 0
-30 -32 0
-42 -44 0
-6 -10 0
-18 -22 0
-30 -34 0
-42 -46 0
-7 -8 0
-19 -20 0
-31 -32 0
-43 -44 0
-7 -9 0
-19 -21 0
-31 -33 0
-43 -45 0
-7 -10 0
-19 -22 0
-31 -34 0
-43 -46 0
-8 -10 0
-20 -22 0
-32 -34 0
-44 -46 0
-8 -11 0
-20 -23 0
-32 -35 0
-44 -47 0
-9 -11 0
-21 -23 0
-33 -35 0
-45 -47 0
-9 -12 0
-21 -24 0
-33 -36 0
-45 -48 0
-10 -11 0
-22 -23 0
-34 -35 0
-46 -47 0
-10 -12 0
-22 -24 0
-34 -36 0
-46 -48 0
-11 -12 0
-23 -24 0
-35 -36 0
-47 -48 0
